1421
1024
927
877
878
1011
1013
924
890
878
949
986
997
939
929
973
1036
1009
925
884
872
923
974
947
923
917
951
955
939
883
859
869
892
934
897
899
893
935
939
919
896
900
952
988
1009
936
908
904
931
941
911
885
887
948
974
948
893
861
873
907
943
894
868
857
890
940
937
892
884
880
929
951
928
880
853
859
895
922
894
874
864
911
952
948
893
885
914
946
952
918
888
870
917
960
957
923
892
921
953
958
903
884
885
924
951
927
902
886
911
965
997
958
945
987
1028
1004
921
899
900
966
1008
955
935
913
952
962
937
897
878
932
1002
1024
982
960
988
982
960
904
892
889
951
982
937
938
914
936
936
903
859
856
920
991
1005
955
926
901
954
970
921
868
841
863
920
933
899
875
855
885
926
930
888
883
871
920
952
907
885
879
947
980
961
922
894
902
937
940
894
875
878
934
966
949
892
868
887
933
986
958
943
967
1032
1024
961
910
891
943
1010
992
953
925
947
999
962
941
830
866
878
800
749
723
687
679
663
670
685
692
700
694
687
688
712
748
779
764
755
740
767
840
962
921
883
857
921
988
954
881
838
869
937
983
937
873
836
870
922
926
875
839
863
916
954
937
888
851
874
889
914
889
844
820
846
889
917
881
838
852
879
945
925
874
846
897
930
948
887
839
845
891
965
959
890
845
876
888
917
896
860
859
913
964
949
893
835
855
892
976
971
920
874
904
912
897
877
835
856
895
957
951
908
853
875
886
915
904
886
882
909
932
918
864
815
836
847
886
896
855
835
872
901
919
900
860
849
873
888
897
861
827
854
894
951
952
883
826
848
863
913
933
966
986
966
921
865
821
791
810
851
934
914
880
842
870
867
873
865
834
820
854
859
843
798
772
763
801
843
874
851
817
791
801
800
813
817
792
771
825
858
915
917
889
854
909
904
938
894
851
852
860
874
871
841
812
834
865
919
921
894
857
857
855
837
816
795
776
809
861
926
932
896
888
893
885
863
819
796
809
869
929
905
858
820
848
873
912
912
866
824
837
858
874
856
814
784
801
821
860
889
855
834
875
902
916
905
854
806
751
701
892
730
703
685
701
685
685
689
683
669
659
666
668
693
722
749
760
771
795
835
884
877
854
811
796
785
808
828
823
809
805
812
844
846
826
802
783
783
804
819
810
793
771
773
779
806
823
825
812
807
806
811
790
773
759
756
758
774
790
785
775
760
752
744
754
760
767
771
770
775
784
789
772
753
731
720
726
760
793
795
791
790
799
819
817
795
773
758
751
757
763
755
751
752
761
773
788
798
794
784
764
771
777
793
796
783
765
763
764
790
803
796
775
752
733
730
725
723
729
730
739
757
776
786
776
766
738
730
720
729
740
735
727
716
729
740
771
796
786
776
769
763
763
775
771
750
742
748
758
781
793
793
775
771
773
784
792
781
777
759
762
760
777
796
784
770
774
775
792
803
780
757
740
738
755
775
783
790
781
772
768
770
771
758
758
751
761
774
814
831
810
793
778
776
772
756
736
714
701
712
724
782
831
828
812
816
826
818
793
768
747
733
727
737
753
757
753
734
732
740
777
815
818
812
804
828
841
837
810
781
754
746
759
799
819
827
822
835
839
855
858