883
902
917
952
981
993
1044
1077
1043
960
1017
993
903
860
878
895
953
970
958
916
902
923
954
971
989
1003
1022
1061
1079
1087
1075
1042
1007
1021
1055
1070
1066
1037
1025
1038
1068
1077
1081
1051
1026
1015
970
930
962
1005
1006
1024
1051
1066
1076
1066
1050
1012
1015
1053
1078
1085
1072
1034
1028
1062
1076
1062
1046
1032
1029
1065
1079
1082
1048
1011
1026
1049
1046
1057
1037
1020
1035
1070
1080
1078
1070
1038
1040
1075
1090
1096
1074
1048
1044
1068
1079
1059
1054
1022
1036
1062
1066
1078
1066
1037
1041
1074
1084
1099
1088
1083
1055
1028
1051
1069
1078
1075
995
974
952
921
919
958
1022
1143
1198
1180
1115
1043
1026
1042
1072
1069
1071
1046
1037
1062
1091
1117
1103
1078
1034
1043
1081
1102
1111
1124
1072
1071
1121
1102
1053
1011
1009
1055
1116
1149
1153
1116
1071
1065
1091
1112
1094
1067
1049
1041
1091
1138
1114
1068
1043
1081
1103
1121
1115
1078
1078
1123
1113
1112
1089
1057
1083
1109
1118
1104
1070
1072
1104
1096
1100
1073
1043
1040
1084
1045
986
983
996
972
939
959
1023
1151
1146
1106
1066
1055
1043
1015
994
1014
1044
1061
1063
1047
1072
1099
1089
1068
1053
1080
1074
1078
1050
1037
1068
1102
1095
1066
1059
1073
1128
1132
1111
1070
1063
1100
1102
1096
1066
1101
1091
1082
1067
1105
1102
1092
1056
1034
1045
1063
1072
1067
1042
1035
1063
1068
1020
980
968
971
987
991
1015
1081
1131
1136
1098
1054
1018
1001
983
982
1023
1090
1113
1113
1090
1083
1095
1074
1055
1038
1044
1093
1090
1081
1066
1054
1071
1100
1083
1068
1057
1062
1105
1106
1106
1078
1094
1106
1104
1082
1061
1046
1077
1117
1132
1108
1058
1042
1023
1019
1010
1068
1159
1188
1138
1103
1089
1081
1045
1017
1000
1025
1075
1095
1098
1071
1053
1070
1079
1075
1054
1034
1052
1072
1037
999
995
1001
1008
1097
1207
1046
1035
1185
1114
1057
1017
978
998
949
943
984
1024
1069
1088
1081
1058
1062
1086
1080
1074
1053
1057
1061
1085
1096
1075
1073
1089
1100
1088
1064
1057
1078
1085
1078
1073
1097
1097
1089
1068
1070
1094
1077
1082
1087
1109
1103
1071
1071
1100
1092
1070
1058
1070
1095
1102
1069
1059
1075
1081
1060
1056
1092
1082
1074
1077
1079
1092
1085
1074
1063
1051
1040
1031
1023
1069
1124
1122
1072
1080
1094
1044
1027
1003
974
992
978
950
951
1000
1034
1039
1038
1055
1102
1067
1046
1042
1029
1005
1025
1046
1047
1049
1002
980
968
974
943
924
924
920
914
909
888
863
843
849
841
835
829
820
815
810
799
804
811
823
825
822
824
833
847
846
837
826
821
822
821
822
818
814
802
797
800
798
804
804
800
792
788
778
767
758
749
737
739
748
781
829
835
830
819
813
808
811
814
810
802
791
794
796
802
804
798
789
783
785
783
780
776
776
780
791
795
798
793
790
788
799
788
780
769
771
770
765
768
759
756
756
762
767
758
752
750
751
745
738
740
735
735
736
729
730
730
723
722
724
724
733
741
742
744
748
751
754
765
787
809
830
841
840
825
805
788
800
795
799
798
773
767
761
744
735
726
731
730
726
725
719
715
715
733
755
765
766
761
759
764
761
758
755
748
748
751
747
741
743
739
738
738
738
740
733
737
773
900
938
943
921
884
858
867
834
815
808
790
777
766
772
775
781
781
779
774
771
754
742
734
724
732
742
761
781
781
777
772
774
787
789
783
789
771
770
774
771
773
764
752
751
752
753
748
759
773
790
787
787
771
764
756
747
747
753
743
744
748
741
731
720
709
705
713
732
731
746
758
764
758
760
756
740
737
750
760