1.0876
1.0842
1.0877
1.0852
1.08
1.0772
1.0867
1.0837
1.086
1.086
1.0888
1.0903
1.0963
1.0867
1.0871
1.0885
1.0791
1.0785
1.0906
1.0936
1.0956
1.1034
1.0977
1.0981
1.0827
1.0843
1.0783
1.0707
1.0801
1.0934
1.0982
1.1157
1.1104
1.124
1.1336
1.139
1.1456
1.1336
1.1187
1.1125
1.1117
1.1122
1.0977
1.0964
1.0875
1.084
1.0818
1.0801
1.079
1.08
1.0816
1.0835
1.0842
1.0867
1.0914
1.0901
1.0951
1.0969
1.1003
1.1023
1.1048
1.1066
1.1052
1.1029
1.1001
1.1005
1.1025
1.1035
1.1091
1.1088
1.1115
1.1085
1.1108
1.1169
1.1142
1.1115
1.1126
1.1091
1.111
1.1115
1.1172
1.1194
1.1147
1.1193
1.1234
1.1189
1.1153
1.108
1.1075
1.1097
1.1117
1.1115
1.1162
1.1146
1.1174
1.1137
1.1075
1.1077
1.1075
1.1094
1.1094
1.1081
1.1071
1.1023
1.0982
1.1005
1.1009
1.102
1.1008
1.1058
1.1091
1.1059
1.1077
1.1061
1.1034
1.0997
1.1006
1.1015
1.1041
1.1034
1.1077
1.109
1.1109
1.1158
1.1139
1.1154
1.1106
1.1095
1.1087
1.1107
1.1128
1.1123
1.113
1.1173
1.1144
1.1113
1.1025
1.1007
1.1031
1.1043
1.103
1.0981
1.0986
1.0993
1.0979
1.0951
1.0925
1.0898
1.0889
1.0935
1.0938
1.0982
1.1003
1.0985
1.103
1.1067
1.1053
1.1026
1.1031
1.1096
1.0963
1.1003
1.104
1.1033
1.1027
1.1058
1.1018
1.0937
1.0968
1.1036
1.1072
1.1083
1.1104
1.1116
1.1065
1.1083
1.1104
1.1076
1.1103
1.1076
1.115
1.1188
1.1222
1.1194
1.1198
1.1193
1.1202
1.1187
1.1182
1.1106
1.1037
1.1151
1.1154
1.1119
1.1138
1.1115
1.114
1.1173
1.1215
1.1226
1.1216
1.1215
1.1223
1.1269
1.1253
1.1285
1.122
1.1205
1.1215
1.126
1.1288
1.1293
1.1301
1.1349
1.138
1.137
1.1362
1.1388
1.1394
1.1316
1.1307
1.1207
1.1187
1.1234
1.1265
1.1289
1.1323
1.132
1.1301
1.1273
1.1266
1.1257
1.1244
1.1185
1.1151
1.1134
1.1156
1.1192
1.1198
1.1187
1.1139
1.1171
1.1161
1.1167
1.1172
1.1203
1.1183
1.1226
1.1245
1.123
1.1193
1.1202
1.1185
1.1199
1.1155
1.1212
1.1218
1.115
1.1133
1.1123
1.1209
1.1245
1.125
1.1301
1.1305
1.1313
1.1321
1.1264
1.1279
1.1277
1.1246
1.1233
1.1219
1.1243
1.12
1.1236
1.1235
1.1218
1.1261
1.1291
1.1325
1.1302
1.1387
1.1354
1.1358
1.1349
1.1308
1.1295
1.1303
1.1275
1.1244
1.1222
1.1271
1.1305
1.1329
1.1337
1.1383
1.1416
1.1386
1.1361
1.1355
1.1325
1.1354
1.1342
1.1294
1.1328
1.126
1.1268
1.1305
1.1296
1.1309
1.1346
1.1345
1.1394
1.1423
1.1445
1.1471
1.1488
1.1429
1.1422
1.1418
1.1346
1.1341
1.1367
1.1354
1.1362
1.1402
1.1396
1.1389
1.1424
1.1467
1.1533
1.1535
1.1455
1.144
1.1445
1.1403
1.1348
1.1397
1.145
1.1454
1.1377
1.1408
1.1414
1.1451
1.1405
1.1377
1.1341
1.1285
1.1371
1.1346
1.1379
1.1425
1.1371
1.1351
1.1354
1.1409
1.1332
1.1359
1.1387
1.1284
1.1328
1.1363
1.1352
1.1403
1.1409
1.1421
1.1427
1.1346
1.1305
1.1296
1.1261
1.1265
1.1346
1.1424
1.1487
1.1428
1.137
1.1417
1.1393
1.1318
1.1372
1.1381
1.1345
1.1416
1.1389
1.1478
1.1494
1.147
1.1505
1.153
1.1587
1.1581
1.1574
1.1575
1.15
1.1435
1.1478
1.1506
1.1502
1.1548
1.1543
1.1606
1.1576
1.1707
1.1737
1.1777
1.1773
1.1759
1.1769
1.1667
1.1697
1.1671
1.1689
1.162
1.1585
1.1574
1.1571
1.1615
1.1634
1.1582
1.1562
1.1609
1.1651
1.1692
1.166
1.171
1.1633
1.1588
1.1579
1.1616
1.1502
1.142
1.1391
1.137
1.1321
1.1406
1.1403
1.1456
1.1593
1.1589
1.1602
1.1543
1.1588
1.1617
1.1696
1.1736
1.1684
1.1625
1.1716
1.169
1.1706
1.1716
1.167
1.1588
1.1611
1.1707
1.172
1.1643
1.1658
1.1735
1.1713
1.1789
1.1724
1.1709
1.1642
1.1665
1.1639
1.1658
1.1583
1.1616
1.1672
1.17
1.1648
1.1538
1.1578
1.1534
1.1613
1.1596
1.173
1.1764
1.1788
1.179
1.1754
1.1836
1.1765
1.1675
1.1737
1.1669
1.1699
1.1632
1.1558
1.1644
1.1675
1.1728
1.1708
1.1794
1.1759
1.1781