1.0558
1.0571
1.0586
1.0557
1.0525
1.0511
1.0523
1.0517
1.0518
1.0515
1.0516
1.0534
1.0543
1.0558
1.0557
1.0582
1.056
1.0547
1.0551
1.0564
1.0585
1.0571
1.0581
1.0634
1.0602
1.0572
1.059
1.0546
1.0535
1.0546
1.0561
1.0546
1.0608
1.0549
1.0591
1.0594
1.0594
1.0589
1.0663
1.0647
1.0646
1.0655
1.0614
1.0627
1.0606
1.0605
1.06
1.061
1.0616
1.0621
1.0619
1.0641
1.0641
1.0633
1.0645
1.0667
1.07
1.0705
1.0715
1.0717
1.0702
1.0672
1.0694
1.069
1.0729
1.0703
1.0689
1.0712
1.0734
1.0757
1.0743
1.0737
1.0736
1.0739
1.0751
1.0767
1.0811
1.0822
1.0808
1.0792
1.085
1.085
1.084
1.0865
1.0854
1.0871
1.089
1.0878
1.087
1.0883
1.0899
1.0913
1.0946
1.0953
1.0982
1.0939
1.0916
1.0922
1.0959
1.0968
1.0964
1.0956
1.0947
1.0995
1.0998
1.0991
1.0986
1.0993
1.0986
1.0994
1.0998
1.0977
1.0979
1.096
1.0924
1.0873
1.0894
1.0963
1.0972
1.0991
1.0998
1.101
1.1009
1.1021
1.1013
1.1007
1.1032
1.1041
1.1047
1.1019
1.1019
1.1004
1.1004
1.1002
1.0996
1.0991
1.0997
1.0977
1.0983
1.1025
1.0948
1.0927
1.0898
1.0924
1.0913
1.0957
1.094
1.0906
1.0847
1.086
1.0864
1.0841
1.0878
1.0891
1.0942
1.097
1.0999
1.0966
1.0932
1.094
1.0892
1.0934
1.0943
1.0923
1.0928
1.0863
1.0848
1.0829
1.0875
1.0909
1.088
1.0872
1.0884
1.0885
1.0893
1.0905
1.0875
1.086
1.0884
1.0854
1.0863
1.0862
1.0853
1.0876
1.0897
1.0923
1.0921
1.0919
1.0893
1.0931
1.0988
1.1041
1.1038
1.1037
1.1053
1.0989
1.0982
1.0985
1.1007
1.1033
1.1064
1.1095
1.1075
1.1071
1.1087
1.1114
1.1133
1.1137
1.1127
1.1126
1.112
1.1116
1.1169
1.1141
1.1105
1.1121
1.1113
1.1108
1.1109
1.1107
1.1142
1.1176
1.1175
1.1214
1.1211
1.1207
1.1252
1.1233
1.12
1.1191
1.1174
1.1163
1.1178
1.1162
1.1214
1.1228
1.1217
1.1254
1.1257
1.1215
1.1224
1.1252
1.1274
1.1263
1.1283
1.1306
1.1276
1.1307
1.1319
1.1378
1.139
1.1407
1.1415
1.1403
1.1383
1.1419
1.1437
1.1379
1.1372
1.1368
1.1416
1.147
1.1383
1.14
1.1371
1.1345
1.1326
1.1304
1.128
1.127
1.1245
1.1235
1.1207
1.1206
1.1195
1.118
1.1181
1.1185
1.1196
1.1222
1.1237
1.1243
1.1309
1.1338
1.1353
1.136
1.136
1.1351
1.1373
1.1369
1.1349
1.1324
1.1355
1.136
1.1341
1.1352
1.1363
1.1335
1.1354
1.1371
1.1351
1.1346
1.1367
1.1342
1.1351
1.1361
1.134
1.137
1.1371
1.1381
1.1351
1.1357
1.1357
1.1394
1.1436
1.1421
1.1396
1.1409
1.1403
1.1352
1.1331
1.131
1.1283
1.1335
1.1326
1.1343
1.1331
1.1312
1.1269
1.1266
1.1258
1.1327
1.1276
1.123
1.1232
1.1227
1.1256
1.1219
1.1239
1.1269
1.1227
1.1279
1.1312
1.1312
1.1331
1.1328
1.1281
1.1254
1.1254
1.1287
1.1286
1.1248
1.1295
1.1299
1.1304
1.1328
1.1348
1.1323
1.134
1.1324
1.1273
1.1309
1.1332
1.1316
1.1351
1.1341
1.1328
1.1391
1.1431
1.1365
1.1395
1.1368
1.1368
1.1414
1.1456
1.1444
1.146
1.1437
1.1422
1.143
1.1399
1.1386
1.1384
1.1367
1.1407
1.1373
1.1424
1.1456
1.1421
1.1451
1.1453
1.1444
1.1428
1.147
1.143
1.1412
1.1381
1.1396
1.1433
1.1409
1.1412
1.1354
1.1414
1.1316
1.1371
1.1369
1.1376
1.129
1.1228
1.1312
1.1304
1.1245
1.1236
1.1274
1.1265
1.1277
1.1276
1.1267
1.1217
1.1275
1.1288
1.1261
1.1268
1.1281
1.1339
1.1385
1.1427
1.1428
1.1398
1.1383
1.1401
1.1372
1.1366
1.1338
1.1299
1.1289
1.1298
1.1338
1.1391
1.1512
1.1544
1.153
1.1513
1.1528
1.155
1.1589
1.1592
1.1598
1.1597
1.1616
1.1598
1.1626
1.1614
1.1633
1.1622
1.1611
1.1648
1.1696
1.1704
1.1642
1.1653
1.1649
1.1646
1.1634
1.1613
1.1557
1.1573
1.1563
1.1569
1.1556
1.1536
1.1543
1.1549
1.1534
1.1496
1.1537
1.1501
1.1554
1.1575
1.1585
1.1616
1.1615
1.1631
1.1572
1.1613
1.1629
1.1515
1.1546
1.1531
1.1526
1.1513
1.1517
1.1577
1.1593
1.1607
1.1598
1.1738
1.1753
1.1773