1.2151
1.2193
1.2191
1.2196
1.2189
1.2182
1.2115
1.2116
1.2158
1.2138
1.2144
1.2075
1.2057
1.2088
1.2043
1.2014
1.2096
1.2085
1.2052
1.2037
1.2087
1.2148
1.2149
1.2167
1.2207
1.2167
1.2265
1.2222
1.2158
1.2197
1.2224
1.2151
1.2157
1.2176
1.2161
1.2119
1.2151
1.2193
1.214
1.2096
1.2119
1.2121
1.2071
1.2172
1.2178
1.2174
1.2246
1.2349
1.228
1.217
1.2239
1.2212
1.2165
1.2219
1.2188
1.2176
1.2298
1.2329
1.2386
1.238
1.2361
1.2329
1.2344
1.2348
1.2397
1.2469
1.2533
1.2485
1.246
1.2414
1.2401
1.2485
1.2476
1.2434
1.2437
1.2519
1.253
1.2534
1.2485
1.2487
1.2428
1.2492
1.2476
1.2475
1.2475
1.2484
1.2488
1.2479
1.2491
1.2469
1.2412
1.2367
1.2361
1.2329
1.2265
1.2132
1.2189
1.2186
1.2216
1.2262
1.2229
1.2191
1.2186
1.2167
1.2175
1.2146
1.2222
1.2211
1.2144
1.206
1.1997
1.2029
1.205
1.1949
1.1956
1.1916
1.1946
1.1935
1.1989
1.21
1.2022
1.2066
1.2092
1.2249
1.2262
1.2409
1.2445
1.2443
1.2477
1.246
1.2437
1.2453
1.2412
1.2431
1.2512
1.25
1.2559
1.2536
1.2454
1.2456
1.244
1.2477
1.249
1.2536
1.2653
1.2667
1.2668
1.259
1.2574
1.2702
1.2685
1.2712
1.273
1.2685
1.2727
1.27
1.2618
1.2601
1.2517
1.2485
1.2451
1.2429
1.2506
1.2466
1.2441
1.2435
1.2389
1.2361
1.2425
1.2515
1.2516
1.2508
1.2555
1.2519
1.2502
1.251
1.245
1.2483
1.2426
1.2353
1.2338
1.2279
1.2302
1.2311
1.2271
1.2289
1.2374
1.2399
1.2388
1.2353
1.2343
1.2243
1.2334
1.2327
1.2296
1.2372
1.242
1.2431
1.2339
1.2263
1.2258
1.2259
1.2235
1.2309
1.2308
1.226
1.2315
1.2327
1.2384
1.2408
1.2536
1.246
1.2366
1.2441
1.2482
1.2527
1.2481
1.2344
1.2296
1.234
1.226
1.23
1.2231
1.2285
1.2326
1.2245
1.2245
1.2226
1.2369
1.2458
1.2429
1.2425
1.2494
1.2426
1.2338
1.2382
1.2404
1.2315
1.2309
1.2311
1.2389
1.234
1.2311
1.2317
1.2214
1.2159
1.2077
1.2083
1.2212
1.2187
1.2108
1.2248
1.2256
1.217
1.2181
1.2084
1.203
1.2164
1.2042
1.2154
1.207
1.2113
1.1976
1.2136
1.2184
1.2201
1.2283
1.2265
1.2284
1.2357
1.2376
1.2407
1.2387
1.2593
1.2713
1.2675
1.2673
1.2755
1.2781
1.2668
1.2688
1.2795
1.2983
1.2971
1.2988
1.2976
1.3019
1.3014
1.2901
1.2828
1.2904
1.3043
1.3038
1.2965
1.3097
1.3094
1.3087
1.3108
1.3167
1.3052
1.302
1.2909
1.29
1.2896
1.2954
1.3028
1.3119
1.3169
1.3135
1.3083
1.3133
1.2988
1.2976
1.2978
1.3135
1.3121
1.3227
1.3174
1.3087
1.3108
1.3085
1.3078
1.3105
1.3104
1.3112
1.3077
1.3068
1.3073
1.2992
1.3004
1.2978
1.3015
1.2945
1.2853
1.2896
1.278
1.287
1.2841
1.2692
1.2641
1.2603
1.2564
1.2762
1.2836
1.2805
1.2801
1.279
1.2767
1.2856
1.2753
1.2802
1.2757
1.2702
1.2761
1.2757
1.291
1.314
1.3136
1.314
1.3165
1.3174
1.3133
1.3121
1.3119
1.3136
1.3079
1.2929
1.2897
1.2889
1.282
1.2939
1.2906
1.3026
1.3002
1.3136
1.3059
1.3081
1.3171
1.3177
1.315
1.3131
1.3049
1.3187
1.3153
1.3118
1.3112
1.3196
1.315
1.3169
1.3253
1.3169
1.3169
1.3115
1.3152
1.3104
1.3108
1.3054
1.306
1.2925
1.2786
1.2885
1.2889
1.2807
1.2734
1.2833
1.2761
1.2875
1.2923
1.2877
1.2948
1.298
1.2925
1.2853
1.2891
1.2875
1.2894
1.2826
1.2786
1.2704
1.2927
1.3016
1.3009
1.2933
1.2938
1.2919
1.2952
1.2891
1.2925
1.2787
1.2702
1.2818
1.2788
1.2696
1.2675
1.2574
1.2616
1.2584
1.2433
1.2443
1.243
1.2386
1.2319
1.2308
1.2346
1.2529
1.2698
1.2671
1.2597
1.2571
1.2647
1.2702
1.2708
1.2753
1.2713
1.2618
1.255
1.2546
1.2475
1.2456
1.2563
1.2595
1.2612
1.2614
1.2578
1.2607
1.2765
1.2797
1.2887
1.2858
1.2948
1.3